# fichier correct pour verifier une situation mirroir

30

# joueurs
13
-333 333 4 0
333 -333 4 3
333 333 2 0 
-333 -333 4 10
-80 80 4 15

80 -200 4 0
-80 120 4 0
80 -120 3 16
0 300 1 19
0 -300 4 1

106.54 -266.7 2 19
133 133 3 19 
-133 133 2 16




# obstacles
129

1 1
2 1
3 1
4 1
5 1

6 1
7 1
8 1
9 1
10 1

11 1
12 1
13 1
1 2
1 3

2 3
3 3
4 3
5 3
6 3

7 3
8 3
9 3
10 3
11 3

12 3
13 3
14 3
15 3
15 2

15 1
15 0
0 7 
1 7
2 7

3 7
4 7
5 7
6 7
7 7

8 7
9 7
10 7
11 7
12 7

13 7
14 7
15 7
16 7
17 7

18 7
19 7
20 7
21 7
22 7

23 7
24 7
25 7
26 7
27 7

28 7
27 6
26 5
25 4
24 3

23 2 
22 1
20 0
20 1
20 2

21 3
22 4
23 5
15 6
16 5

17 4
18 3
18 2
16 2
13 4

12 5
9 6
10 5
8 4
7 5

4 6
5 5
3 4
2 5
0 5

14 14 
15 15
16 16
17 17 
18 18

17 18
18 17 
19 16
16 19
0 29

28 29
27 29
26 29
25 29
24 29

23 29
22 29
21 29
20 29
19 29

18 29
17 29
16 29
15 29
14 29

13 29
12 29
11 29
10 29
9 29

8 29
7 29
6 29
5 29
4 29

3 29
2 29
1 29
29 29






# aucune balle
4
0 133 -1.57
133 -133 3.14
0 266 -1.57
0 230 1.57




